# Gradient Boosting模型训练测试报告

## 第一章 实验背景

### 1.1 实验目的
使用全量数据训练机器学习模型，实现高精度图像篡改检测。

### 1.2 数据集规模

| 类别 | 数量 | 占比 |
|------|------|------|
| Easy (简单篡改) | 2,648 | 46.2% |
| Difficult (复杂篡改) | 2,800 | 48.9% |
| Good (正常) | 283 | 4.9% |
| **总计** | **5,731** | **100%** |

### 1.3 特征选择

基于特征重要性选择Top 10特征：

| 排名 | 特征 | 原重要性 |
|------|------|----------|
| 1 | jpeg_block | 9.47% |
| 2 | contrast | 9.21% |
| 3 | saturation | 8.87% |
| 4 | jpeg_ghost | 6.25% |
| 5 | fft | 6.10% |
| 6 | cfa | 5.66% |
| 7 | edge | 4.88% |
| 8 | color | 4.27% |
| 9 | resampling | 4.06% |
| 10 | splicing | 4.02% |

---

## 第二章 实验方法

### 2.1 特征相关性分析

计算Pearson相关系数矩阵，识别冗余特征。

### 2.2 模型选择

采用 **Gradient Boosting Classifier** (sklearn实现)：
- `max_depth=5`
- `learning_rate=0.1`
- `n_estimators=200`
- `subsample=0.8`

### 2.3 评估方法

- **数据划分**: 80%训练集 / 20%测试集 (分层抽样)
- **交叉验证**: 5折分层交叉验证
- **评估指标**: Accuracy, Precision, Recall, F1-score, FPR, FNR

---

## 第三章 实验结果

### 3.1 特征相关性分析结果

**相关性矩阵:**

|              | jpeg_block | contrast | saturation | jpeg_ghost | fft | cfa | edge | color | resampling | splicing |
|--------------|-----------|----------|------------|------------|-----|-----|------|-------|------------|----------|
| jpeg_block   | 1.00      | 0.39     | -0.07      | 0.34       | 0.42| 0.42| -0.12| -0.10 | 0.48       | 0.60     |
| contrast     | 0.39      | 1.00     | 0.10       | 0.26       | 0.46| 0.16| -0.16| 0.06  | 0.38       | 0.62     |
| saturation   | -0.07     | 0.10     | 1.00       | 0.11       | -0.01| -0.00| 0.11| 0.85  | -0.02      | -0.10    |
| jpeg_ghost   | 0.34      | 0.26     | 0.11       | 1.00       | 0.03| 0.18| 0.37 | 0.05  | 0.36       | 0.51     |
| fft          | 0.42      | 0.46     | -0.01      | 0.03       | 1.00| 0.17| -0.63| -0.07 | 0.46       | 0.50     |
| cfa          | 0.42      | 0.16     | -0.00      | 0.18       | 0.17| 1.00| -0.01| -0.04 | 0.18       | 0.24     |
| edge         | -0.12     | -0.16    | 0.11       | 0.37       | -0.63| -0.01| 1.00| 0.18  | -0.21      | -0.03    |
| color        | -0.10     | 0.06     | 0.85       | 0.05       | -0.07| -0.04| 0.18| 1.00  | -0.08      | -0.15    |
| resampling   | 0.48      | 0.38     | -0.02      | 0.36       | 0.46| 0.18| -0.21| -0.08 | 1.00       | 0.54     |
| splicing     | 0.60      | 0.62     | -0.10      | 0.51       | 0.50| 0.24| -0.03| -0.15 | 0.54       | 1.00     |

**高相关特征对 (|r| > 0.7):**

| 特征对 | 相关系数 | 建议 |
|--------|----------|------|
| saturation ↔ color | 0.848 | 可去除其一 |

### 3.2 模型训练结果

**交叉验证:**

| 指标 | 值 |
|------|------|
| CV F1-score | **0.9742 ± 0.002** |

**测试集评估:**

| 指标 | 值 | 说明 |
|------|------|------|
| Accuracy | 94.94% | 总体准确率 |
| Precision | 95.74% | 预测篡改中真正篡改的比例 |
| Recall | 99.08% | 真实篡改中被正确识别的比例 |
| **F1-score** | **0.9739** | 精确率和召回率的调和平均 |
| FPR (误报率) | 84.21% | 正常图片被误判为篡改 |
| FNR (漏报率) | 0.92% | 篡改图片被漏检 |

**混淆矩阵:**

```
              预测正常  预测篡改
  实际正常         9        48
  实际篡改        10      1080
```

### 3.3 特征重要性

| 排名 | 特征 | 重要性 |
|------|------|--------|
| 1 | fft | 14.23% |
| 2 | resampling | 12.09% |
| 3 | color | 11.45% |
| 4 | jpeg_block | 10.48% |
| 5 | splicing | 9.94% |
| 6 | cfa | 9.53% |
| 7 | contrast | 8.98% |
| 8 | edge | 8.48% |
| 9 | jpeg_ghost | 7.62% |
| 10 | saturation | 7.20% |

---

## 第四章 结论与分析

### 4.1 模型优势
- ✅ **F1-score优秀**: 0.9739
- ✅ **漏报率极低**: 0.92% (几乎不漏检篡改图片)
- ✅ **召回率高**: 99.08%

### 4.2 存在问题
- ⚠️ **误报率过高**: 84.21%
- ⚠️ **数据严重不平衡**: 正常样本仅占4.9%

### 4.3 问题原因分析

| 原因 | 说明 |
|------|------|
| 数据不平衡 | 篡改:正常 = 5448:283 (19:1) |
| 模型偏向多数类 | 学习到"大多数都是篡改"的模式 |
| 阈值未调优 | 默认阈值0.5不适合不平衡数据 |

### 4.4 优化建议

1. **调整分类阈值**: 降低判定篡改的阈值
2. **过采样/欠采样**: 平衡训练数据
3. **类别权重**: 增加正常样本权重
4. **去除冗余特征**: saturation与color高相关，可去除其一

---

## 第五章 后续计划

| 步骤 | 内容 | 优先级 |
|------|------|--------|
| 3.5.4 | 降低误报率优化 | 高 |
| 3.5.5 | 最终模型保存与验证 | 中 |
| 阶段四 | 项目收尾 | 低 |

---

**报告编写时间**: 2026-03-12 21:55
**作者**: 灰 (OpenClaw Assistant)